1 38
1 221 975 11 5
1 230 1022 101 4
1 232 1027 55 4
1 232 1028 240 4
1 234 1040 45 4
1 241 1071 288 3
1 244 1086 222 3
1 541 2316 45 4
1 543 2320 2 4
1 548 2340 464 3
1 549 2344 91 3
1 558 2385 59 5
1 793 3386 5 3
1 807 3449 112 5
1 1048 4453 89 8
1 1051 4470 56 8
1 1059 4505 78 5
1 1065 4532 14 5
1 1074 4560 34 5
1 1082 4591 212 5
1 1083 4595 21 5
1 1373 5803 97 6
1 1374 5814 96 6
1 1376 5824 34 6
1 1377 5829 2 6
1 1383 5865 20 6
1 1389 5887 64 6
1 1394 5911 56 5
1 1662 6995 2 4
1 1664 7006 312 4
1 1665 7009 279 4
1 1668 7020 389 4
1 1671 7025 58 5
1 1675 7043 39 5
1 1676 7046 56 5
1 1686 7083 285 5
1 1687 7086 395 5
1 1688 7091 39 5
2 30
2 1 6 109 13
2 7 41 109 11
2 25 109 25 11
2 28 119 154 11
2 37 152 14 11
2 42 179 20 11
2 50 219 6 10
2 65 290 135 7
2 66 296 7 7
2 380 1644 305 10
2 392 1698 42 9
2 394 1702 110 9
2 400 1730 254 8
2 675 2859 98 6
2 682 2890 230 6
2 689 2925 169 6
2 958 4092 24 4
2 960 4107 92 4
2 960 4113 160 4
2 965 4136 32 4
2 966 4147 0 5
2 967 4151 88 5
2 970 4164 21 5
2 1220 5169 150 3
2 1223 5188 530 3
2 1231 5225 133 4
2 1508 6382 32 4
2 1512 6399 17 4
2 1515 6411 220 5
2 1530 6469 54 4
3 58
3 1 12 93 13
3 2 25 11 13
3 7 40 352 13
3 18 85 523 13
3 20 92 244 13
3 29 121 227 11
3 33 136 19 11
3 34 140 36 11
3 34 142 252 11
3 40 166 3 9
3 41 171 8 9
3 45 197 391 9
3 59 263 183 7
3 64 289 135 7
3 66 293 113 7
3 66 294 24 7
3 73 319 307 7
3 76 333 22 7
3 76 334 24 7
3 77 340 17 7
3 78 342 114 7
3 79 345 166 7
3 80 348 80 7
3 81 352 90 7
3 82 360 22 7
3 83 361 152 7
3 86 380 48 7
3 379 1640 73 11
3 382 1656 96 11
3 396 1711 50 11
3 399 1726 143 10
3 667 2824 69 7
3 668 2826 73 7
3 671 2837 150 6
3 671 2841 62 6
3 671 2842 139 6
3 675 2858 210 7
3 683 2893 182 6
3 685 2900 29 6
3 687 2909 386 6
3 687 2912 80 6
3 688 2921 192 6
3 688 2922 98 6
3 692 2932 46 6
3 951 4058 108 7
3 957 4088 33 5
3 957 4091 14 5
3 960 4110 123 5
3 967 4154 72 5
3 1244 5285 17 5
3 1248 5304 368 6
3 1251 5317 130 6
3 1253 5323 98 6
3 1261 5355 121 6
3 1549 6540 37 4
3 1549 6542 125 4
3 1554 6562 27 5
3 1558 6574 162 5
4 33
4 1 19 30 13
4 11 56 130 11
4 14 73 18 11
4 23 100 29 11
4 27 115 213 11
4 40 165 70 11
4 43 183 127 11
4 50 214 25 10
4 50 215 493 10
4 50 218 13 10
4 52 225 69 10
4 55 240 20 9
4 56 244 192 9
4 56 246 0 9
4 59 259 180 8
4 66 295 161 7
4 68 303 84 7
4 390 1689 53 7
4 406 1750 120 7
4 419 1801 10 5
4 712 3031 403 6
4 715 3041 4 6
4 723 3075 33 7
4 727 3090 124 7
4 734 3119 0 6
4 737 3130 89 6
4 738 3131 87 6
4 986 4219 118 6
4 994 4238 454 6
4 996 4247 5 5
4 1285 5440 21 7
4 1286 5448 216 7
4 1292 5463 17 7
5 31
5 1 23 722 11
5 4 33 124 9
5 12 64 92 9
5 21 98 98 9
5 23 103 225 9
5 32 130 129 7
5 37 153 9 7
5 40 169 140 5
5 327 1407 74 5
5 333 1429 47 5
5 333 1431 43 5
5 343 1472 41 3
5 350 1496 286 3
5 352 1501 0 3
5 636 2706 51 3
5 642 2728 43 2
5 646 2747 18 3
5 654 2784 189 4
5 934 3986 32 5
5 945 4037 112 4
5 947 4041 619 4
5 950 4056 12 4
5 1266 5369 26 6
5 1502 6362 46 4
5 1510 6388 33 5
5 1511 6394 88 5
5 1773 7435 316 4
5 1787 7499 144 3
5 1788 7503 21 3
5 1792 7521 383 3
5 1795 7536 14 4
6 45
6 1 10 533 13
6 10 54 161 13
6 11 58 182 13
6 19 90 17 13
6 24 107 72 13
6 25 108 64 13
6 32 132 211 13
6 40 168 71 11
6 43 186 239 11
6 55 237 86 9
6 57 251 323 9
6 72 315 45 5
6 80 347 77 5
6 82 358 42 5
6 94 410 42 5
6 94 413 152 5
6 96 419 416 5
6 108 472 23 4
6 373 1601 394 11
6 374 1612 18 11
6 375 1615 410 11
6 375 1616 13 11
6 380 1641 273 11
6 387 1681 88 10
6 696 2959 185 7
6 710 3024 7 6
6 956 4080 9 7
6 957 4084 181 7
6 958 4094 81 7
6 959 4103 48 7
6 962 4123 135 6
6 963 4130 51 5
6 964 4131 92 4
6 972 4173 3 5
6 974 4184 94 5
6 1246 5292 12 6
6 1246 5293 78 6
6 1247 5299 91 6
6 1247 5300 176 6
6 1251 5316 195 6
6 1251 5319 13 6
6 1261 5351 216 6
6 1261 5356 25 6
6 1538 6498 72 5
6 1543 6521 209 5
7 79
7 1 13 147 13
7 1 24 170 13
7 3 29 147 13
7 9 48 7 13
7 10 51 165 13
7 18 87 277 13
7 21 97 65 11
7 29 124 370 11
7 39 161 28 10
7 40 163 332 10
7 42 178 338 10
7 42 181 95 9
7 43 182 403 9
7 50 212 194 9
7 52 227 23 8
7 52 228 8 8
7 53 232 40 7
7 56 243 88 8
7 58 252 461 7
7 62 276 46 7
7 62 277 170 7
7 395 1710 259 8
7 400 1732 127 8
7 413 1782 127 5
7 418 1795 94 5
7 700 2975 166 6
7 706 3004 61 5
7 706 3005 19 5
7 707 3012 418 5
7 712 3034 209 5
7 715 3042 143 5
7 717 3055 220 6
7 718 3059 38 6
7 724 3076 172 5
7 733 3112 52 5
7 754 3209 59 6
7 754 3210 90 6
7 756 3219 107 6
7 982 4207 14 6
7 994 4240 232 6
7 1280 5419 45 6
7 1297 5496 6 6
7 1304 5524 107 6
7 1314 5562 38 5
7 1317 5572 34 4
7 1318 5581 165 4
7 1319 5587 70 4
7 1575 6643 23 3
7 1575 6645 134 3
7 1587 6693 35 5
7 1589 6699 194 5
7 1603 6763 105 5
7 1610 6785 553 5
7 1612 6788 122 5
7 1621 6816 264 4
7 1621 6819 114 4
7 1625 6834 127 4
7 1625 6835 188 4
7 1638 6880 3 3
7 1645 6913 242 3
7 1651 6943 163 3
7 1657 6964 70 4
7 1661 6989 159 4
7 1668 7017 131 4
7 1668 7018 14 4
7 1676 7048 371 4
7 1687 7085 31 3
7 1687 7087 56 3
7 1690 7096 79 3
7 1694 7113 91 3
7 1701 7138 54 3
7 1717 7195 132 5
7 1719 7202 164 5
7 1720 7204 569 5
7 1720 7206 167 5
7 1724 7225 124 5
7 1728 7243 398 4
7 1731 7259 82 4
7 1734 7270 2 5
8 33
8 218 954 133 5
8 221 976 168 5
8 222 980 36 5
8 223 985 2 5
8 228 1009 52 4
8 236 1050 21 4
8 242 1080 38 3
8 537 2298 530 4
8 538 2303 65 4
8 543 2322 123 4
8 545 2328 83 3
8 549 2347 101 3
8 551 2352 5 3
8 553 2365 40 5
8 557 2383 130 5
8 559 2390 362 5
8 842 3611 129 3
8 846 3626 302 3
8 850 3642 37 4
8 1138 4820 139 5
8 1143 4842 94 5
8 1145 4854 10 6
8 1152 4883 121 5
8 1156 4902 292 5
8 1461 6204 90 5
8 1468 6221 50 5
8 1474 6249 32 5
8 1481 6276 45 5
8 1758 7379 51 6
8 1776 7444 199 3
8 1784 7477 41 4
8 1784 7479 33 4
8 1785 7480 56 4
9 192
9 164 738 44 6
9 168 752 24 6
9 173 774 205 5
9 181 807 39 5
9 185 821 371 4
9 396 1713 20 7
9 396 1717 55 8
9 401 1733 42 8
9 402 1737 63 9
9 402 1738 60 9
9 405 1748 3 9
9 408 1755 152 9
9 413 1779 28 7
9 415 1787 41 5
9 417 1793 25 5
9 422 1809 18 5
9 424 1818 174 6
9 428 1839 28 6
9 429 1842 19 6
9 431 1854 132 6
9 432 1862 28 6
9 437 1883 5 4
9 446 1921 332 4
9 450 1937 129 5
9 466 2011 222 4
9 472 2040 175 4
9 477 2058 38 4
9 480 2072 103 3
9 480 2076 160 3
9 492 2122 70 4
9 496 2133 13 4
9 501 2155 203 4
9 502 2157 24 4
9 512 2195 98 4
9 512 2196 218 4
9 521 2231 148 4
9 524 2247 0 4
9 532 2276 13 4
9 710 3019 19 5
9 712 3028 80 5
9 717 3056 294 6
9 718 3060 85 7
9 720 3068 37 7
9 728 3097 0 6
9 728 3098 30 6
9 733 3111 271 7
9 735 3123 84 7
9 739 3138 7 7
9 740 3146 291 6
9 742 3156 230 6
9 743 3160 14 6
9 745 3167 276 5
9 747 3175 135 5
9 748 3180 95 4
9 762 3250 137 3
9 763 3254 36 3
9 764 3259 246 3
9 768 3285 180 3
9 773 3308 46 3
9 791 3380 23 4
9 797 3405 186 4
9 804 3432 22 5
9 806 3444 124 5
9 806 3445 148 5
9 809 3454 34 5
9 827 3532 99 3
9 827 3535 14 3
9 829 3544 2 3
9 840 3595 68 3
9 843 3615 72 3
9 847 3631 39 3
9 847 3632 107 3
9 859 3668 264 5
9 859 3671 112 5
9 861 3678 140 5
9 1015 4316 9 7
9 1032 4374 2 5
9 1048 4451 5 2
9 1048 4457 284 2
9 1049 4460 25 2
9 1054 4482 81 3
9 1062 4515 160 5
9 1064 4525 36 5
9 1069 4546 122 5
9 1081 4589 109 5
9 1085 4605 5 5
9 1088 4618 132 5
9 1089 4622 23 5
9 1102 4672 356 2
9 1113 4724 274 2
9 1126 4771 127 2
9 1128 4780 215 2
9 1129 4786 117 2
9 1133 4806 230 3
9 1135 4815 220 3
9 1140 4831 178 3
9 1147 4860 8 4
9 1154 4891 13 5
9 1154 4894 98 5
9 1158 4907 147 4
9 1174 4969 76 2
9 1176 4978 0 2
9 1177 4984 86 2
9 1190 5039 69 2
9 1191 5044 8 2
9 1192 5048 38 2
9 1193 5055 418 2
9 1194 5059 73 2
9 1196 5063 0 2
9 1201 5087 105 3
9 1204 5104 44 4
9 1205 5109 121 4
9 1209 5127 87 5
9 1214 5146 222 5
9 1217 5159 266 6
9 1219 5163 46 6
9 1221 5179 40 6
9 1224 5192 647 6
9 1224 5195 15 6
9 1227 5214 197 6
9 1234 5245 133 4
9 1239 5267 194 4
9 1260 5345 27 6
9 1261 5349 293 6
9 1263 5363 13 6
9 1274 5395 346 5
9 1275 5400 221 5
9 1277 5404 15 5
9 1282 5425 28 6
9 1285 5438 389 7
9 1292 5464 440 7
9 1292 5466 161 7
9 1297 5493 27 6
9 1298 5499 58 6
9 1300 5505 307 6
9 1301 5508 17 6
9 1318 5580 30 3
9 1319 5585 70 3
9 1320 5589 47 3
9 1324 5600 70 3
9 1324 5601 172 3
9 1326 5614 202 3
9 1345 5704 130 3
9 1351 5732 8 3
9 1358 5757 69 4
9 1374 5809 192 6
9 1378 5830 122 6
9 1382 5853 225 6
9 1382 5854 39 6
9 1383 5864 33 5
9 1392 5897 39 5
9 1393 5907 0 4
9 1396 5914 259 5
9 1397 5919 28 5
9 1400 5936 175 4
9 1409 5978 7 4
9 1414 5997 66 4
9 1417 6005 146 4
9 1420 6014 117 3
9 1432 6058 84 4
9 1437 6089 162 4
9 1439 6093 42 4
9 1446 6122 310 4
9 1448 6135 27 4
9 1448 6137 25 4
9 1448 6138 49 4
9 1453 6163 111 5
9 1455 6170 24 5
9 1457 6177 348 4
9 1461 6201 55 4
9 1464 6211 1 4
9 1468 6222 339 5
9 1471 6235 18 5
9 1475 6259 93 5
9 1489 6315 11 6
9 1489 6316 45 5
9 1506 6377 105 5
9 1532 6477 185 4
9 1532 6478 14 4
9 1533 6483 89 6
9 1534 6489 49 6
9 1541 6511 350 5
9 1548 6538 102 5
9 1556 6568 452 7
9 1584 6682 169 6
9 1585 6685 122 6
9 1597 6732 94 5
9 1606 6767 253 5
9 1606 6769 2 5
9 1616 6802 369 4
9 1618 6810 61 4
9 1630 6857 58 3
10 41
10 1 3 257 11
10 3 28 96 11
10 6 38 24 11
10 8 42 68 11
10 14 72 6 11
10 21 96 59 9
10 34 137 71 9
10 34 139 27 9
10 37 151 385 9
10 44 188 185 9
10 44 193 393 9
10 49 209 164 9
10 50 217 263 9
10 54 235 50 9
10 59 262 17 10
10 60 266 41 10
10 76 332 77 7
10 381 1652 486 7
10 383 1659 116 8
10 384 1666 258 7
10 386 1673 290 7
10 388 1684 75 7
10 669 2831 37 7
10 683 2894 10 6
10 687 2911 75 7
10 688 2916 515 7
10 691 2927 6 7
10 693 2942 11 6
10 937 4001 72 4
10 938 4009 66 4
10 940 4020 72 4
10 1223 5190 149 5
10 1484 6287 140 4
10 1503 6370 46 5
10 1760 7391 161 6
10 1764 7400 4 6
10 1764 7403 74 6
10 1766 7410 22 6
10 1769 7420 14 5
10 1778 7452 131 5
10 1779 7455 88 5
11 78
11 1 14 274 13
11 1 22 129 13
11 8 43 485 13
11 10 53 116 13
11 11 59 67 13
11 12 65 555 13
11 13 70 24 13
11 16 80 73 13
11 20 94 158 13
11 23 102 21 13
11 38 155 93 11
11 46 201 64 9
11 63 282 31 7
11 74 325 85 5
11 74 326 45 5
11 80 346 185 5
11 85 374 134 5
11 87 384 76 5
11 89 390 94 5
11 90 392 12 5
11 100 439 53 5
11 368 1585 155 11
11 370 1592 340 11
11 376 1620 1 11
11 377 1624 50 11
11 381 1649 170 10
11 386 1671 189 10
11 397 1719 38 6
11 403 1743 63 5
11 409 1761 73 5
11 410 1768 133 5
11 417 1790 81 3
11 419 1799 163 3
11 419 1800 18 3
11 423 1817 181 4
11 425 1822 57 4
11 427 1833 34 4
11 436 1879 130 4
11 438 1893 106 4
11 439 1897 197 4
11 454 1952 51 5
11 454 1954 308 5
11 698 2972 59 6
11 703 2988 130 6
11 704 2995 34 6
11 705 2999 21 6
11 707 3010 50 7
11 709 3016 127 7
11 714 3040 62 8
11 724 3080 405 6
11 726 3089 9 6
11 981 4205 59 6
11 989 4225 210 6
11 1011 4299 46 6
11 1021 4333 214 6
11 1022 4336 198 6
11 1022 4337 223 6
11 1025 4350 119 6
11 1031 4371 86 7
11 1032 4373 87 7
11 1034 4388 140 8
11 1034 4393 30 8
11 1277 5405 232 6
11 1281 5422 15 7
11 1281 5423 43 7
11 1287 5449 103 7
11 1288 5452 39 7
11 1291 5461 304 7
11 1293 5473 129 7
11 1540 6508 13 5
11 1541 6512 31 5
11 1541 6513 174 5
11 1544 6526 147 5
11 1559 6579 1 6
11 1561 6583 9 6
11 1562 6585 115 6
11 1564 6596 46 6
11 1566 6606 43 6
12 98
12 165 741 12 6
12 170 763 5 5
12 187 829 148 4
12 460 1985 67 5
12 462 1993 37 5
12 468 2016 207 5
12 479 2069 509 4
12 479 2070 203 4
12 483 2083 144 5
12 499 2146 63 4
12 500 2148 28 4
12 501 2151 222 4
12 596 2532 257 3
12 599 2547 111 4
12 601 2558 232 4
12 605 2579 13 4
12 622 2655 119 4
12 627 2670 217 4
12 630 2683 200 4
12 631 2693 26 4
12 635 2703 158 4
12 636 2708 131 4
12 637 2711 12 4
12 638 2718 108 4
12 640 2722 240 4
12 645 2742 58 4
12 646 2748 17 4
12 647 2757 48 4
12 652 2776 37 4
12 656 2790 172 4
12 657 2793 27 4
12 661 2800 114 5
12 665 2817 130 5
12 671 2835 57 4
12 673 2851 68 4
12 674 2855 139 4
12 680 2875 43 7
12 685 2902 8 6
12 685 2905 42 6
12 691 2928 27 7
12 693 2946 7 7
12 695 2957 64 7
12 696 2960 19 7
12 697 2966 50 8
12 705 2998 47 5
12 712 3032 91 7
12 714 3039 65 8
12 716 3050 143 7
12 739 3135 225 7
12 741 3147 305 6
12 741 3149 195 6
12 742 3153 253 6
12 742 3154 17 6
12 743 3159 45 6
12 744 3165 246 5
12 750 3196 192 4
12 751 3201 13 4
12 752 3202 36 4
12 753 3204 132 4
12 755 3215 56 4
12 765 3269 37 3
12 766 3273 41 3
12 767 3275 112 3
12 773 3307 128 3
12 786 3358 108 4
12 794 3389 10 4
12 795 3396 208 4
12 798 3407 43 5
12 801 3419 48 5
12 801 3420 55 5
12 813 3466 0 5
12 817 3478 599 5
12 836 3578 426 3
12 836 3579 212 3
12 836 3580 311 3
12 1045 4441 2 8
12 1056 4491 189 5
12 1072 4557 50 5
12 1075 4563 146 5
12 1075 4567 98 5
12 1077 4573 133 5
12 1080 4587 61 5
12 1082 4592 97 5
12 1087 4613 83 5
12 1356 5752 85 6
12 1357 5756 394 6
12 1374 5810 149 6
12 1376 5820 198 6
12 1376 5825 6 6
12 1380 5844 19 6
12 1392 5896 136 4
12 1628 6843 68 4
12 1633 6866 89 4
12 1640 6889 519 4
12 1643 6905 19 4
12 1647 6927 106 5
12 1649 6935 53 5
12 1658 6971 109 4
13 35
13 246 1094 64 5
13 249 1104 117 5
13 250 1113 49 4
13 251 1119 286 4
13 261 1161 31 4
13 262 1164 241 3
13 553 2359 177 3
13 554 2370 128 3
13 558 2387 105 3
13 843 3617 3 3
13 845 3622 253 3
13 854 3649 145 3
13 858 3662 165 4
13 863 3684 4 5
13 864 3696 9 5
13 865 3700 169 5
13 1130 4789 19 4
13 1131 4793 44 4
13 1138 4821 113 4
13 1142 4839 91 4
13 1144 4848 31 4
13 1147 4862 74 4
13 1147 4864 71 4
13 1407 5964 7 4
13 1408 5970 202 4
13 1410 5982 142 4
13 1410 5984 386 4
13 1412 5989 19 4
13 1416 6003 57 4
13 1421 6021 18 2
13 1424 6030 368 2
13 1682 7073 35 3
13 1687 7088 151 4
13 1693 7107 42 4
13 1696 7124 47 3
14 31
14 248 1101 13 5
14 249 1106 29 5
14 251 1117 44 5
14 252 1121 107 5
14 259 1146 144 4
14 260 1155 55 4
14 274 1215 54 3
14 593 2524 108 2
14 599 2548 99 3
14 608 2590 92 4
14 608 2591 196 4
14 894 3820 124 2
14 898 3841 119 2
14 899 3844 13 2
14 903 3860 301 2
14 908 3871 402 3
14 914 3896 39 4
14 1204 5105 237 5
14 1206 5114 33 5
14 1220 5171 90 5
14 1221 5180 7 5
14 1475 6261 329 5
14 1479 6272 30 5
14 1485 6293 86 5
14 1486 6301 83 5
14 1724 7222 7 5
14 1729 7249 205 5
14 1735 7277 325 4
14 1737 7289 34 4
14 1742 7313 130 4
14 1742 7314 103 4
15 45
15 1 9 26 11
15 1 21 161 11
15 2 26 212 9
15 4 32 164 9
15 12 63 5 9
15 12 67 104 9
15 14 71 28 9
15 23 105 89 9
15 26 114 360 9
15 29 122 44 8
15 32 129 26 7
15 33 133 643 7
15 36 150 45 7
15 39 162 33 5
15 41 175 184 5
15 373 1606 104 9
15 377 1626 26 9
15 382 1654 409 9
15 383 1657 333 9
15 393 1699 77 8
15 397 1721 233 8
15 653 2778 96 3
15 662 2804 29 3
15 942 4027 55 5
15 944 4033 91 5
15 957 4087 12 6
15 959 4106 135 6
15 1199 5070 15 5
15 1200 5073 4 5
15 1201 5082 7 6
15 1201 5083 40 6
15 1201 5088 98 6
15 1210 5130 42 6
15 1218 5161 36 5
15 1483 6282 6 5
15 1485 6292 48 5
15 1486 6300 138 5
15 1487 6308 65 5
15 1488 6310 19 5
15 1489 6313 182 5
15 1497 6341 164 5
15 1499 6351 319 5
15 1747 7335 63 5
15 1754 7360 181 5
15 1756 7372 424 4
16 42
16 175 782 998 6
16 176 785 1 6
16 176 786 129 6
16 179 798 103 6
16 182 810 147 5
16 186 824 234 5
16 197 869 96 4
16 198 871 55 4
16 486 2091 22 4
16 495 2130 3 5
16 497 2136 119 5
16 497 2137 127 5
16 503 2159 86 4
16 505 2171 175 4
16 508 2184 163 4
16 788 3369 73 5
16 790 3377 97 5
16 799 3414 73 5
16 808 3450 335 5
16 811 3458 100 5
16 1053 4479 1 8
16 1056 4494 80 7
16 1063 4517 78 5
16 1063 4519 50 5
16 1070 4548 32 5
16 1072 4553 150 5
16 1080 4584 110 5
16 1086 4608 1 5
16 1376 5827 39 6
16 1382 5857 44 6
16 1383 5861 377 6
16 1385 5872 220 6
16 1389 5884 253 6
16 1390 5890 28 6
16 1391 5894 278 6
16 1396 5913 75 6
16 1396 5915 291 6
16 1402 5947 163 5
16 1658 6979 52 4
16 1662 6992 321 4
16 1665 7007 17 5
16 1679 7064 101 5
17 147
17 1 1 144 11
17 15 75 337 11
17 17 83 31 11
17 33 134 16 9
17 36 147 28 9
17 36 148 95 9
17 36 149 50 9
17 37 154 104 9
17 39 160 3 9
17 40 164 42 9
17 51 223 36 9
17 53 233 20 9
17 59 258 140 9
17 59 260 22 9
17 61 270 103 9
17 66 292 31 10
17 75 328 336 7
17 75 329 41 7
17 392 1697 120 10
17 395 1707 41 10
17 404 1746 249 9
17 409 1759 286 9
17 682 2887 226 7
17 684 2897 77 7
17 691 2931 646 6
17 692 2934 3 6
17 692 2941 244 6
17 704 2991 420 5
17 708 3013 38 5
17 982 4208 245 6
17 999 4255 9 6
17 1000 4259 71 6
17 1003 4272 147 6
17 1014 4309 69 6
17 1177 4979 30 2
17 1181 5003 10 2
17 1185 5019 60 2
17 1186 5023 72 2
17 1186 5025 70 2
17 1190 5038 5 4
17 1192 5050 142 4
17 1197 5065 137 5
17 1200 5076 13 5
17 1201 5078 65 5
17 1204 5102 99 5
17 1207 5122 88 5
17 1213 5143 18 5
17 1216 5154 72 4
17 1216 5155 36 4
17 1225 5203 23 4
17 1232 5232 57 4
17 1233 5239 32 4
17 1234 5246 174 5
17 1250 5309 243 6
17 1261 5353 38 6
17 1264 5364 307 4
17 1279 5411 1 7
17 1284 5433 8 7
17 1287 5451 139 7
17 1289 5455 14 7
17 1293 5477 143 7
17 1297 5494 10 7
17 1299 5501 255 6
17 1308 5539 135 5
17 1311 5547 14 4
17 1311 5549 144 4
17 1319 5584 94 4
17 1324 5598 13 4
17 1324 5602 103 4
17 1326 5617 62 3
17 1329 5623 3 3
17 1335 5657 131 3
17 1341 5681 10 3
17 1341 5682 290 3
17 1348 5716 238 3
17 1352 5736 241 3
17 1354 5747 710 3
17 1385 5870 272 6
17 1394 5909 17 5
17 1397 5918 264 5
17 1398 5931 20 6
17 1412 5988 217 4
17 1412 5990 118 4
17 1423 6026 176 3
17 1425 6034 164 3
17 1425 6035 187 3
17 1443 6110 330 4
17 1448 6132 62 4
17 1457 6180 345 5
17 1459 6193 105 5
17 1461 6203 48 4
17 1468 6223 147 4
17 1474 6250 331 5
17 1474 6252 208 5
17 1476 6262 339 5
17 1478 6268 90 5
17 1481 6278 2 5
17 1483 6285 67 6
17 1484 6291 215 6
17 1485 6295 32 6
17 1486 6302 70 5
17 1488 6312 148 6
17 1489 6314 6 6
17 1491 6323 95 6
17 1496 6337 32 5
17 1502 6359 227 5
17 1518 6427 45 5
17 1518 6429 60 5
17 1518 6430 186 5
17 1522 6443 34 5
17 1523 6445 37 5
17 1524 6450 12 5
17 1598 6736 52 5
17 1622 6820 73 3
17 1632 6863 179 3
17 1640 6890 70 4
17 1643 6906 26 4
17 1648 6929 49 4
17 1657 6963 0 4
17 1660 6988 115 4
17 1663 6997 245 5
17 1666 7015 80 5
17 1683 7076 25 4
17 1683 7077 33 4
17 1685 7082 39 5
17 1696 7118 23 3
17 1701 7137 117 4
17 1701 7139 159 4
17 1718 7197 151 4
17 1720 7203 186 4
17 1725 7230 267 5
17 1732 7262 398 5
17 1734 7272 443 5
17 1739 7296 285 4
17 1752 7354 128 5
17 1754 7362 15 6
17 1759 7382 44 6
17 1760 7388 10 6
17 1763 7399 388 6
17 1764 7402 21 5
17 1765 7406 118 6
17 1769 7419 169 6
17 1774 7440 159 5
17 1780 7459 130 4
17 1783 7473 347 4
17 1787 7498 7 4
17 1789 7508 10 3
18 41
18 1 20 173 13
18 10 55 59 13
18 13 69 61 13
18 16 78 63 13
18 16 79 51 13
18 18 86 87 13
18 19 89 15 13
18 20 93 258 12
18 27 116 14 11
18 35 144 195 11
18 43 185 96 9
18 45 196 10 9
18 50 216 112 9
18 334 1435 156 5
18 345 1479 10 3
18 353 1511 110 3
18 354 1519 251 3
18 611 2604 79 3
18 616 2626 106 2
18 619 2640 374 2
18 877 3752 24 2
18 878 3758 24 2
18 879 3760 103 2
18 889 3801 172 3
18 891 3811 126 3
18 894 3822 119 4
18 896 3831 167 4
18 1147 4861 140 4
18 1148 4866 163 4
18 1159 4912 223 4
18 1168 4943 68 4
18 1441 6102 5 4
18 1447 6130 246 4
18 1450 6145 10 4
18 1451 6151 40 4
18 1452 6156 650 4
18 1455 6172 168 4
18 1712 7173 30 4
18 1728 7238 116 4
18 1732 7261 123 4
18 1738 7295 329 4
19 129
19 1 18 156 13
19 7 39 17 13
19 20 91 100 13
19 25 110 14 13
19 30 127 371 13
19 31 128 26 13
19 34 141 38 13
19 44 189 143 11
19 45 198 100 11
19 51 224 97 11
19 56 241 68 9
19 68 306 44 7
19 72 316 120 6
19 72 317 140 5
19 82 356 268 5
19 98 426 18 4
19 100 437 61 4
19 107 466 189 4
19 107 468 146 4
19 112 479 9 4
19 112 485 110 4
19 114 493 1 4
19 116 501 125 4
19 122 524 12 4
19 124 535 56 4
19 133 578 21 4
19 137 606 56 2
19 139 620 35 2
19 142 638 140 2
19 144 654 23 2
19 144 656 478 2
19 147 670 249 2
19 149 676 38 2
19 150 679 14 2
19 153 688 79 2
19 166 745 20 4
19 167 751 394 4
19 182 812 173 5
19 188 832 89 3
19 190 842 59 3
19 200 882 144 2
19 205 908 47 2
19 209 925 127 2
19 213 937 320 3
19 228 1012 10 5
19 233 1037 37 5
19 236 1051 97 6
19 239 1065 355 4
19 241 1070 191 5
19 248 1102 132 5
19 249 1107 68 5
19 256 1133 30 5
19 259 1151 122 5
19 269 1196 211 4
19 270 1203 370 3
19 272 1209 90 3
19 275 1222 206 3
19 276 1230 62 3
19 283 1252 287 3
19 287 1259 50 3
19 291 1273 63 3
19 300 1314 78 3
19 305 1335 19 3
19 306 1337 137 3
19 314 1360 57 4
19 322 1383 2 5
19 324 1390 320 5
19 329 1416 9 5
19 334 1432 83 5
19 338 1451 106 5
19 340 1464 132 5
19 341 1465 7 4
19 342 1468 71 4
19 347 1485 267 4
19 350 1494 11 5
19 355 1528 192 6
19 359 1550 24 7
19 362 1559 20 8
19 378 1634 38 11
19 383 1662 134 10
19 384 1665 56 10
19 391 1694 30 10
19 402 1736 800 6
19 405 1747 72 5
19 422 1810 123 3
19 425 1823 72 4
19 425 1825 51 4
19 426 1829 27 4
19 437 1885 77 4
19 438 1892 2 4
19 439 1894 49 4
19 441 1903 12 4
19 441 1904 89 4
19 443 1909 112 4
19 447 1926 417 4
19 451 1940 5 5
19 461 1989 70 5
19 485 2090 121 4
19 489 2103 176 3
19 494 2127 155 3
19 712 3033 159 5
19 714 3038 168 6
19 720 3067 111 6
19 724 3077 61 7
19 726 3088 101 7
19 734 3116 54 7
19 740 3145 10 7
19 976 4190 106 6
19 978 4196 18 6
19 987 4221 229 6
19 994 4239 87 5
19 1001 4262 52 5
19 1002 4268 217 5
19 1008 4287 114 5
19 1020 4331 89 6
19 1030 4369 147 7
19 1271 5390 208 6
19 1274 5398 214 7
19 1275 5399 86 7
19 1278 5409 8 7
19 1285 5439 106 7
19 1289 5454 56 7
19 1296 5489 172 7
19 1560 6581 83 4
19 1561 6582 2 4
19 1564 6597 6 4
19 1565 6603 60 4
19 1573 6633 575 6
19 1578 6657 93 6
20 328
20 1 16 130 13
20 30 126 332 13
20 38 156 145 13
20 46 200 254 11
20 48 206 253 11
20 51 222 175 11
20 57 248 6 11
20 60 265 215 11
20 61 269 1 11
20 64 285 98 9
20 66 291 42 9
20 70 311 71 7
20 76 336 110 7
20 94 412 29 5
20 96 421 596 4
20 104 454 22 4
20 118 511 13 2
20 124 539 35 2
20 128 556 142 2
20 141 636 188 2
20 144 650 27 2
20 165 739 3 4
20 170 761 143 4
20 181 806 128 5
20 189 837 16 4
20 191 847 98 3
20 197 867 49 3
20 204 896 132 2
20 208 920 81 2
20 219 956 43 4
20 220 963 176 4
20 227 1003 118 4
20 240 1066 27 4
20 241 1072 81 5
20 246 1096 138 3
20 246 1097 66 3
20 247 1100 46 3
20 249 1110 47 4
20 275 1223 59 3
20 283 1247 104 2
20 298 1294 180 2
20 318 1374 76 2
20 340 1461 232 4
20 350 1497 57 4
20 354 1522 99 3
20 356 1532 68 2
20 365 1570 52 4
20 375 1618 52 8
20 378 1631 43 8
20 384 1667 142 9
20 385 1670 207 9
20 398 1725 432 11
20 399 1729 52 10
20 419 1798 143 6
20 467 2012 164 4
20 470 2033 220 4
20 477 2060 71 5
20 477 2063 80 5
20 490 2114 157 5
20 498 2142 131 5
20 503 2160 122 4
20 511 2192 59 4
20 515 2206 293 2
20 517 2218 96 2
20 527 2257 92 2
20 528 2262 46 2
20 528 2264 26 2
20 548 2338 157 3
20 553 2364 48 4
20 555 2375 358 4
20 557 2382 139 4
20 561 2400 13 3
20 569 2424 8 2
20 572 2432 107 2
20 572 2433 11 2
20 577 2444 98 1
20 583 2471 391 1
20 592 2518 286 2
20 596 2535 162 3
20 597 2541 1 3
20 600 2554 15 3
20 603 2572 107 3
20 608 2589 527 3
20 615 2618 74 3
20 616 2625 54 3
20 617 2633 160 3
20 627 2669 438 3
20 631 2690 20 3
20 636 2709 61 3
20 642 2726 77 3
20 646 2754 33 3
20 670 2832 88 6
20 670 2834 90 6
20 675 2857 74 6
20 680 2878 29 6
20 681 2881 114 6
20 687 2908 32 6
20 691 2929 343 7
20 700 2976 82 6
20 700 2977 104 6
20 702 2983 87 6
20 704 2993 167 7
20 705 3000 45 7
20 706 3008 88 8
20 715 3045 0 8
20 715 3049 305 8
20 720 3066 56 7
20 724 3078 229 7
20 730 3103 30 7
20 736 3126 150 6
20 737 3129 216 6
20 746 3174 38 4
20 749 3187 87 4
20 750 3198 143 4
20 755 3216 1 4
20 759 3232 13 3
20 760 3239 172 3
20 761 3242 44 3
20 762 3252 446 3
20 764 3258 43 3
20 766 3272 118 3
20 769 3288 362 3
20 771 3299 16 3
20 773 3312 7 3
20 775 3321 55 3
20 785 3357 26 4
20 787 3365 96 4
20 794 3393 15 5
20 804 3435 64 5
20 819 3496 13 3
20 821 3500 339 3
20 821 3505 71 3
20 822 3506 274 3
20 822 3509 12 3
20 823 3513 279 3
20 823 3515 157 3
20 826 3530 12 3
20 829 3547 201 3
20 835 3567 17 3
20 837 3584 1 3
20 841 3604 45 3
20 842 3608 63 3
20 847 3630 82 4
20 863 3687 281 2
20 873 3740 17 1
20 877 3756 3 2
20 877 3757 16 2
20 879 3762 28 2
20 880 3765 20 2
20 891 3808 201 3
20 903 3861 46 2
20 906 3867 10 2
20 910 3878 76 2
20 910 3881 11 2
20 918 3911 67 1
20 919 3923 87 1
20 923 3935 7 1
20 930 3964 5 1
20 930 3966 104 1
20 931 3969 360 1
20 931 3970 133 1
20 931 3972 218 2
20 933 3979 166 2
20 935 3992 6 3
20 937 4005 55 3
20 939 4011 0 4
20 940 4019 79 4
20 948 4051 296 5
20 956 4081 602 6
20 962 4121 157 4
20 965 4138 92 4
20 968 4157 22 4
20 970 4166 116 4
20 976 4191 114 4
20 982 4210 225 6
20 984 4215 36 6
20 984 4217 165 6
20 997 4251 0 6
20 1015 4317 57 6
20 1016 4319 28 6
20 1017 4321 353 5
20 1017 4322 5 5
20 1020 4327 84 5
20 1022 4339 15 5
20 1029 4363 29 4
20 1030 4366 113 4
20 1033 4379 21 3
20 1042 4429 257 3
20 1044 4434 130 3
20 1045 4440 113 3
20 1049 4461 883 4
20 1055 4489 51 5
20 1064 4524 254 5
20 1075 4566 123 5
20 1094 4641 250 2
20 1101 4661 40 2
20 1105 4686 75 2
20 1107 4695 116 2
20 1108 4696 106 2
20 1112 4719 196 2
20 1113 4723 78 2
20 1119 4738 263 2
20 1129 4784 45 3
20 1129 4785 54 3
20 1133 4802 4 3
20 1143 4844 245 4
20 1143 4847 114 4
20 1145 4855 311 4
20 1145 4858 239 4
20 1151 4880 536 5
20 1167 4940 434 3
20 1173 4966 3 2
20 1175 4975 79 2
20 1177 4981 32 3
20 1177 4982 106 3
20 1190 5037 70 3
20 1200 5075 44 5
20 1201 5079 95 5
20 1203 5093 30 5
20 1203 5095 18 5
20 1210 5135 11 6
20 1210 5136 67 6
20 1212 5141 18 6
20 1216 5152 214 6
20 1219 5167 141 6
20 1222 5182 175 6
20 1227 5213 306 4
20 1244 5286 5 5
20 1255 5333 240 6
20 1260 5346 138 6
20 1264 5367 348 5
20 1266 5372 11 4
20 1280 5415 102 7
20 1280 5416 15 7
20 1282 5430 161 7
20 1295 5484 0 6
20 1301 5507 95 5
20 1306 5531 33 4
20 1307 5537 108 4
20 1312 5553 68 4
20 1313 5557 272 4
20 1318 5582 83 4
20 1325 5605 108 3
20 1325 5606 42 3
20 1325 5608 27 3
20 1333 5644 116 3
20 1344 5694 66 3
20 1347 5713 49 3
20 1355 5750 118 4
20 1369 5791 33 5
20 1377 5828 487 6
20 1391 5892 211 6
20 1392 5901 71 6
20 1393 5903 182 6
20 1403 5952 70 6
20 1404 5953 0 6
20 1421 6020 298 4
20 1431 6056 104 3
20 1441 6106 129 4
20 1444 6113 75 4
20 1444 6115 21 4
20 1448 6133 5 4
20 1458 6185 130 5
20 1458 6186 542 5
20 1459 6188 98 5
20 1473 6243 19 5
20 1487 6305 132 6
20 1492 6325 321 5
20 1500 6353 67 6
20 1511 6393 343 5
20 1512 6400 93 5
20 1516 6414 29 5
20 1517 6422 736 5
20 1523 6446 367 4
20 1526 6454 94 6
20 1536 6495 54 5
20 1538 6502 34 5
20 1541 6515 125 6
20 1547 6535 96 6
20 1548 6539 45 6
20 1559 6578 324 6
20 1564 6595 50 5
20 1574 6640 144 3
20 1578 6658 27 3
20 1585 6684 301 4
20 1587 6697 90 4
20 1591 6708 117 4
20 1594 6727 69 4
20 1597 6733 374 4
20 1599 6742 5 4
20 1607 6771 116 4
20 1628 6844 212 5
20 1629 6849 239 5
20 1632 6865 210 4
20 1634 6873 277 4
20 1637 6879 35 4
20 1639 6888 6 4
20 1640 6895 161 4
20 1648 6930 6 4
20 1648 6931 103 4
20 1649 6933 12 4
20 1652 6950 48 5
20 1657 6965 35 5
20 1664 7001 86 5
20 1678 7058 25 6
20 1691 7099 146 4
20 1699 7131 83 4
20 1709 7165 104 3
20 1714 7178 35 4
20 1721 7208 210 4
20 1721 7209 69 4
20 1724 7224 78 5
20 1729 7245 122 5
20 1730 7250 15 5
20 1730 7255 52 5
20 1737 7287 311 4
20 1740 7304 158 3
20 1749 7340 120 3
20 1751 7346 63 3
20 1756 7371 41 4
20 1767 7411 51 5
20 1770 7423 37 5
20 1777 7448 3 5
20 1778 7450 109 5
20 1779 7456 49 5
20 1779 7457 264 5
20 1781 7462 41 4
20 1796 7537 128 3
